26,3
26,2
26,1
26,0
0,316
0,283
0,243
25,4
25,3
25,2
0,9
25,1
25,0
24,38
24,37
24,36
24,35
3,1
3,3
10,70
10,196
10,166
10,203
10,127
10,216
10,33
10,97
11,18
11,12
11,20
9,7
8,13
8,14
8,6
8,16
8,17
12,3
12,2
12,1
11,30
11,29
11,28
11,27
11,26
11,25
11,24
11,23
11,22
11,21
11,13
11,11
11,8
11,5
20,2
11,3
20,1
11,2
20,3
11,1
10,316
10,315
10,314
10,313
10,312
10,311
10,310
10,309
10,308
19,2
10,307
10,306
19,1
10,305
19,3
10,304
10,303
10,302
10,301
10,300
10,299
10,298
10,297
10,296
10,295
10,294
